[gd_scene format=2]

[node name="avatar" type="Spatial"]

[node name="Armature" type="Spatial" parent="."]
transform = Transform( -1, 0, -8.74228e-08, 0, 1, 0, 8.74228e-08, 0, -1, 0, 0, 0 )

[node name="Skeleton" type="Skeleton" parent="Armature"]
bones/0/name = "root"
bones/0/parent = -1
bones/0/rest = Transform( 1, 0, 2.38419e-07, 0, 1, 0, -2.38419e-07, 0, 1, 0, 0, 0 )
bones/0/enabled = true
bones/0/bound_children = [  ]
bones/1/name = "pelvis"
bones/1/parent = 0
bones/1/rest = Transform( 1, 0, 0, 0, 1, 0, 0, 0, 1, 0, 0.859649, 0 )
bones/1/enabled = true
bones/1/bound_children = [  ]
bones/2/name = "spine_1"
bones/2/parent = 1
bones/2/rest = Transform( 1, 0, 0, 0, 1, 0, 0, 0, 1, 0, 0.192982, 0 )
bones/2/enabled = true
bones/2/bound_children = [  ]
bones/3/name = "spine_2"
bones/3/parent = 2
bones/3/rest = Transform( 1, 0, 0, 0, 1, 0, 0, 0, 1, 0, 0.192983, 0 )
bones/3/enabled = true
bones/3/bound_children = [  ]
bones/4/name = "l_shoulder"
bones/4/parent = 3
bones/4/rest = Transform( -0.287348, 0.957826, -3.45871e-07, -0.957826, -0.287348, -3.58175e-07, -4.42454e-07, 2.28364e-07, 1, 0, 0.254386, 0 )
bones/4/enabled = true
bones/4/bound_children = [  ]
bones/5/name = "l_arm"
bones/5/parent = 4
bones/5/rest = Transform( 0.959413, -0.281987, -0.00298554, 0.281977, 0.959415, -0.00340559, 0.00382471, 0.00242551, 0.99999, 1.19209e-07, 0.183163, -4.44089e-14 )
bones/5/enabled = true
bones/5/bound_children = [  ]
bones/6/name = "l_forearm"
bones/6/parent = 5
bones/6/rest = Transform( 1, -2.32792e-10, 2.84217e-14, 2.32792e-10, 1, -1.16415e-10, -2.84217e-14, 1.16415e-10, 1, 1.19209e-07, 0.298246, 3.91753e-21 )
bones/6/enabled = true
bones/6/bound_children = [  ]
bones/7/name = "l_hand"
bones/7/parent = 6
bones/7/rest = Transform( 1, -2.32831e-10, 1.35525e-20, 2.32831e-10, 1, -1.16415e-10, 1.35525e-20, 1.16415e-10, 1, -1.19209e-07, 0.27193, 1.52468e-35 )
bones/7/enabled = true
bones/7/bound_children = [  ]
bones/8/name = "l_fingers"
bones/8/parent = 7
bones/8/rest = Transform( 1, -2.32831e-10, 1.35525e-20, 2.32831e-10, 1, -1.16415e-10, 1.35525e-20, 1.16415e-10, 1, -1.19209e-07, 0.105263, 1.43493e-42 )
bones/8/enabled = true
bones/8/bound_children = [  ]
bones/9/name = "neck"
bones/9/parent = 3
bones/9/rest = Transform( 1, 0, 0, 0, 1, 0, 0, 0, 1, 0, 0.254386, 0 )
bones/9/enabled = true
bones/9/bound_children = [  ]
bones/10/name = "head"
bones/10/parent = 9
bones/10/rest = Transform( 1, 0, 0, 0, 1, 0, 0, 0, 1, 0, 0.105263, 0 )
bones/10/enabled = true
bones/10/bound_children = [  ]
bones/11/name = "r_shoulder"
bones/11/parent = 3
bones/11/rest = Transform( -0.287348, -0.957826, -5.96047e-07, 0.957826, -0.287348, 1.19209e-06, -1.31309e-06, -2.28363e-07, 1, -1.70385e-06, 0.254386, -4.06231e-13 )
bones/11/enabled = true
bones/11/bound_children = [  ]
bones/12/name = "r_arm"
bones/12/parent = 11
bones/12/rest = Transform( -8.34465e-07, 0.287348, -0.957826, -7.45058e-08, 0.957826, 0.287348, 1, 3.27825e-07, -8.34465e-07, -2.26497e-07, 0.183163, -5.35767e-14 )
bones/12/enabled = true
bones/12/bound_children = [  ]
bones/13/name = "r_forearm"
bones/13/parent = 12
bones/13/rest = Transform( 1, 2.98028e-08, -4.0564e-08, -2.98028e-08, 1, -4.00693e-13, 4.0564e-08, 4.01902e-13, 1, 1.55925e-14, 0.298246, 2.38419e-07 )
bones/13/enabled = true
bones/13/bound_children = [  ]
bones/14/name = "r_hand"
bones/14/parent = 13
bones/14/rest = Transform( 1, -4.58111e-16, 8.4602e-32, 4.58111e-16, 1, -3.69379e-16, 8.46144e-32, 3.69379e-16, 1, -4.61854e-14, 0.27193, 2.38419e-07 )
bones/14/enabled = true
bones/14/bound_children = [  ]
bones/15/name = "r_fingers"
bones/15/parent = 14
bones/15/rest = Transform( 1, -4.58037e-16, 8.45915e-32, 4.58037e-16, 1, -3.69365e-16, 8.45915e-32, 3.69365e-16, 1, -4.61853e-14, 0.105263, 2.38419e-07 )
bones/15/enabled = true
bones/15/bound_children = [  ]
bones/16/name = "l_thigh"
bones/16/parent = 0
bones/16/rest = Transform( -1, 0, -6.27833e-07, 0, -1, 0, -6.27833e-07, 0, 1, 0.105263, 0.789474, 2.50967e-08 )
bones/16/enabled = true
bones/16/bound_children = [  ]
bones/17/name = "l_leg"
bones/17/parent = 16
bones/17/rest = Transform( 1, 0, 0, 0, 1, 0, 0, 0, 1, 0, 0.245614, 0 )
bones/17/enabled = true
bones/17/bound_children = [  ]
bones/18/name = "l_foot"
bones/18/parent = 17
bones/18/rest = Transform( 1, 0, 0, 0, 1, 0, 0, 0, 1, 0, 0.315789, 0 )
bones/18/enabled = true
bones/18/bound_children = [  ]
bones/19/name = "r_thigh"
bones/19/parent = 0
bones/19/rest = Transform( -1, 0, -6.27833e-07, 0, -1, 0, -6.27833e-07, 0, 1, -0.105265, 0.789474, -2.50971e-08 )
bones/19/enabled = true
bones/19/bound_children = [  ]
bones/20/name = "r_leg"
bones/20/parent = 19
bones/20/rest = Transform( 1, 0, 0, 0, 1, 0, 0, 0, 1, 0, 0.245614, 0 )
bones/20/enabled = true
bones/20/bound_children = [  ]
bones/21/name = "r_foot"
bones/21/parent = 20
bones/21/rest = Transform( 1, 0, 0, 0, 1, 0, 0, 0, 1, 0, 0.315789, 0 )
bones/21/enabled = true
bones/21/bound_children = [  ]
